12
0 1 0 0 0 1 1 0 0 0 0 0
1 0 1 0 0 0 0 0 0 0 0 0
0 1 0 1 0 0 0 0 0 0 0 0
0 0 1 0 1 0 0 0 0 0 0 0
0 0 0 1 0 1 0 0 0 0 0 0
1 0 0 0 1 0 0 0 0 0 0 0
1 0 0 0 0 0 0 1 0 0 0 1
0 0 0 0 0 0 1 0 1 0 0 0
0 0 0 0 0 0 0 1 0 1 0 0
0 0 0 0 0 0 0 0 1 0 1 0
0 0 0 0 0 0 0 0 0 1 0 1
0 0 0 0 0 0 1 0 0 0 1 0
0.4306150433202907 0.5675957146497814 
0.3698373742314143 0.715499108035522 
0.2410503423700392 0.8470472055046953 
0.05183150503074346 0.9502778812413007 
0.10710679849077698 0.8053561976828527 
0.23825199133594194 0.6744785438434849 
0.567608475405254 0.4307017113955813 
0.6233554010620457 0.282269020407363 
0.765348134432644 0.15511409303875617 
0.9518315050307434 0.050277881241300726 
0.8875637576858579 0.19394689380721797 
0.7655996716042478 0.3274357491521436 
4 