19
0 1 0 0 1 0 0 1 0 0 1 0 0 1 0 0 1 0 0
1 0 1 0 0 0 0 0 0 0 0 0 0 0 0 0 0 0 0
0 1 0 1 0 0 0 0 0 0 0 0 0 0 0 0 0 0 0
0 0 1 0 0 0 0 0 0 0 0 0 0 0 0 0 0 0 0
1 0 0 0 0 1 0 0 0 0 0 0 0 0 0 0 0 0 0
0 0 0 0 1 0 1 0 0 0 0 0 0 0 0 0 0 0 0
0 0 0 0 0 1 0 0 0 0 0 0 0 0 0 0 0 0 0
1 0 0 0 0 0 0 0 1 0 0 0 0 0 0 0 0 0 0
0 0 0 0 0 0 0 1 0 1 0 0 0 0 0 0 0 0 0
0 0 0 0 0 0 0 0 1 0 0 0 0 0 0 0 0 0 0
1 0 0 0 0 0 0 0 0 0 0 1 0 0 0 0 0 0 0
0 0 0 0 0 0 0 0 0 0 1 0 1 0 0 0 0 0 0
0 0 0 0 0 0 0 0 0 0 0 1 0 0 0 0 0 0 0
1 0 0 0 0 0 0 0 0 0 0 0 0 0 1 0 0 0 0
0 0 0 0 0 0 0 0 0 0 0 0 0 1 0 1 0 0 0
0 0 0 0 0 0 0 0 0 0 0 0 0 0 1 0 0 0 0
1 0 0 0 0 0 0 0 0 0 0 0 0 0 0 0 0 1 0
0 0 0 0 0 0 0 0 0 0 0 0 0 0 0 0 1 0 1
0 0 0 0 0 0 0 0 0 0 0 0 0 0 0 0 0 1 0
0.5 0.4999999999999999 
0.623718 0.5714289999999999 
0.747436 0.6428569999999999 
0.871154 0.7142859999999999 
0.5 0.6428569999999999 
0.5 0.7857139999999999 
0.5 0.9285709999999999 
0.37628200000000006 0.5714289999999999 
0.25256400000000007 0.6428569999999999 
0.12884600000000002 0.7142859999999999 
0.37628200000000006 0.42857099999999987 
0.25256400000000007 0.3571429999999999 
0.12884600000000002 0.2857139999999999 
0.5 0.3571429999999999 
0.5 0.21428599999999987 
0.5 0.07142899999999991 
0.623718 0.42857099999999987 
0.747436 0.3571429999999999 
0.871154 0.2857139999999999 
8