12
0 1 0 0 0 1 1 0 0 0 0 0
1 0 1 0 0 0 0 0 0 0 0 0
0 1 0 1 0 0 0 0 0 0 0 0
0 0 1 0 1 0 0 0 0 0 0 0
0 0 0 1 0 1 0 0 0 0 0 0
1 0 0 0 1 0 0 0 0 0 0 0
1 0 0 0 0 0 0 1 0 0 0 1
0 0 0 0 0 0 1 0 1 0 0 0
0 0 0 0 0 0 0 1 0 1 0 0
0 0 0 0 0 0 0 0 1 0 1 0
0 0 0 0 0 0 0 0 0 1 0 1
0 0 0 0 0 0 1 0 0 0 1 0
0.50836   0.42370
0.48903   0.50753
0.44807   0.58209
0.38789   0.64060
0.40547   0.55846
0.44718   0.48428
0.55193   0.34611
0.56966   0.26198
0.61482   0.18991
0.67413   0.13049
0.65369   0.21192
0.61490   0.28758
